./train_data/fifth_dataset/images_may4/300.jpg 1802,1492,1913,1537,1 1290,1401,1384,1445,1 407,1368,496,1409,1 3330,1153,3450,1214,1 2734,1468,2833,1533,1 2390,1329,2439,1435,1 2351,748,2400,861,1 2446,798,2493,916,1 2406,513,2455,624,1
./train_data/fifth_dataset/images_may4/500.jpg 2471,2122,2522,2240,1 2393,2170,2447,2280,1 1801,1491,1912,1539,1 314,1359,402,1400,1 2808,1273,2927,1336,1 2363,1209,2417,1329,1 2225,274,2271,383,1
./train_data/fifth_dataset/images_may4/700.jpg 2344,346,2398,452,1 2208,575,2255,691,1 2278,848,2326,961,1 2381,1351,2438,1467,1 2216,2277,2267,2393,1 2399,2203,2453,2321,1 2320,2040,2373,2153,1 3595,1085,3711,1147,1 3095,1204,3200,1264,1 2809,1272,2926,1335,1 2569,1537,2662,1641,1 2392,1763,2442,1876,1 2227,1606,2292,1753,1 1801,1493,1911,1538,1
./train_data/fifth_dataset/images_may4/800.jpg 3028,1220,3131,1277,1 3198,1178,3306,1237,1 3073,1347,3181,1413,1 2809,1272,2927,1335,1 2400,2247,2446,2343,1 2323,2031,2369,2142,1 1801,1492,1912,1538,1 2242,1593,2289,1707,1 2377,1479,2431,1595,1 2350,876,2401,989,1 2350,465,2394,574,1 2205,297,2255,399,1
./train_data/fifth_dataset/images_may4/2300.jpg 3183,1337,3292,1408,1 2487,2079,2536,2183,1 2394,2103,2451,2244,1 2477,1919,2534,2040,1 2400,1929,2450,2044,1 2161,1482,2272,1531,1 2745,1286,2869,1352,1 2543,1158,2642,1245,1 2447,836,2499,937,1 2278,893,2331,1008,1 2216,749,2263,865,1 2281,552,2325,658,1
./train_data/fifth_dataset/images_may4/2800.jpg 2319,2140,2371,2249,1 2224,1976,2272,2087,1 2403,1920,2454,2034,1 2489,1866,2544,1984,1 3317,1206,3435,1271,1 3523,1103,3649,1169,1 2378,1404,2432,1542,1 2450,1412,2496,1521,1 2449,1177,2498,1278,1 2219,1055,2268,1172,1 2348,845,2400,958,1 2421,687,2475,803,1 2276,686,2325,789,1 2212,453,2254,567,1
./train_data/fifth_dataset/images_may4/3000.jpg 2875,1337,2991,1404,1 2716,1273,2838,1326,1 2249,1900,2292,2006,1 2492,2006,2540,2112,1 2400,2105,2455,2226,1 2321,1931,2382,2067,1 2500,1702,2557,1814,1 2385,1476,2434,1587,1 2223,1335,2270,1442,1 2301,1233,2346,1343,1 2459,1028,2508,1137,1 2362,996,2415,1114,1 2361,494,2412,603,1 2435,262,2489,374,1
./train_data/fifth_dataset/images_may4/5200.jpg 2482,2260,2529,2365,1 2388,2272,2439,2388,1 2396,2076,2443,2189,1 2504,2037,2556,2155,1 2307,1857,2361,1971,1 642,1362,740,1409,1 1884,1570,2002,1614,1 1769,1488,1872,1537,1 1457,1477,1558,1524,1 2468,1098,2519,1199,1 2357,1104,2406,1212,1 2383,1354,2430,1473,1 2333,512,2382,618,1 2441,520,2491,627,1
./train_data/fifth_dataset/images_may4/6500.jpg 2485,2097,2530,2203,1 2391,2101,2441,2224,1 2396,2280,2447,2388,1 2483,2234,2528,2334,1 2395,1921,2442,2036,1 2506,1922,2555,2041,1 2229,1811,2298,1914,1 2053,1566,2172,1620,1 1681,1560,1788,1611,1 1912,1491,2015,1539,1 1727,1498,1828,1543,1 1532,1476,1637,1520,1 1696,1389,1987,1452,0 3855,1126,3979,1192,1 3325,1278,3441,1346,1 2349,1353,2458,1405,1 2211,953,2257,1071,1
./train_data/fifth_dataset/images_may4/7100.jpg 2394,2202,2436,2312,1 2473,2273,2520,2369,1 2249,2041,2291,2159,1 2329,1954,2372,2055,1 2478,1913,2524,2027,1 2393,1872,2450,2011,1 3041,1383,3154,1445,1 2666,1483,2760,1562,1 2462,1536,2511,1647,1 2300,1429,2348,1550,1 1871,1491,1980,1534,1 2357,1066,2414,1185,1 2295,1002,2343,1112,1 2198,926,2247,1038,1 2451,827,2499,930,1 2213,668,2257,780,1 2357,716,2407,829,1 2286,578,2327,675,1 2207,375,2252,488,1
./train_data/fifth_dataset/images_may4/8600.jpg 2394,2214,2447,2353,1 2473,2141,2519,2252,1 2394,2047,2440,2157,1 2471,1990,2518,2094,1 2387,1907,2433,2017,1 2475,1844,2521,1958,1 877,1382,963,1427,1 2335,1179,2399,1283,1 2284,884,2329,997,1 2434,612,2479,712,1 2264,358,2323,669,0
./train_data/fifth_dataset/images_may4/9200.jpg 2858,1338,2972,1405,1 3019,1300,3128,1365,1 1007,1490,1110,1536,1 1657,1567,1768,1611,1 2030,1321,2122,1409,1 2423,276,2470,374,1 2337,388,2381,494,1 2273,551,2315,661,1 2204,881,2243,996,1 2367,900,2408,1006,1 2458,1065,2504,1178,1 2288,1144,2330,1249,1 2465,1489,2513,1602,1 2380,1636,2437,1773,1 2316,1938,2387,2231,0 2478,1945,2525,2063,1 2400,2079,2445,2189,1 2486,2256,2532,2365,1
./train_data/fifth_dataset/images_may4/300.jpg 1802,1492,1913,1537,1 1290,1401,1384,1445,1 407,1368,496,1409,1 3330,1153,3450,1214,1 2734,1468,2833,1533,1 2390,1329,2439,1435,1 2351,748,2400,861,1 2446,798,2493,916,1 2406,513,2455,624,1
./train_data/fifth_dataset/images_may4/500.jpg 2471,2122,2522,2240,1 2393,2170,2447,2280,1 1801,1491,1912,1539,1 314,1359,402,1400,1 2808,1273,2927,1336,1 2363,1209,2417,1329,1 2225,274,2271,383,1
./train_data/fifth_dataset/images_may4/700.jpg 2344,346,2398,452,1 2208,575,2255,691,1 2278,848,2326,961,1 2381,1351,2438,1467,1 2216,2277,2267,2393,1 2399,2203,2453,2321,1 2320,2040,2373,2153,1 3595,1085,3711,1147,1 3095,1204,3200,1264,1 2809,1272,2926,1335,1 2569,1537,2662,1641,1 2392,1763,2442,1876,1 2227,1606,2292,1753,1 1801,1493,1911,1538,1
./train_data/fifth_dataset/images_may4/800.jpg 3028,1220,3131,1277,1 3198,1178,3306,1237,1 3073,1347,3181,1413,1 2809,1272,2927,1335,1 2400,2247,2446,2343,1 2323,2031,2369,2142,1 1801,1492,1912,1538,1 2242,1593,2289,1707,1 2377,1479,2431,1595,1 2350,876,2401,989,1 2350,465,2394,574,1 2205,297,2255,399,1
./train_data/fifth_dataset/images_may4/2300.jpg 3183,1337,3292,1408,1 2487,2079,2536,2183,1 2394,2103,2451,2244,1 2477,1919,2534,2040,1 2400,1929,2450,2044,1 2161,1482,2272,1531,1 2745,1286,2869,1352,1 2543,1158,2642,1245,1 2447,836,2499,937,1 2278,893,2331,1008,1 2216,749,2263,865,1 2281,552,2325,658,1
./train_data/fifth_dataset/images_may4/2800.jpg 2319,2140,2371,2249,1 2224,1976,2272,2087,1 2403,1920,2454,2034,1 2489,1866,2544,1984,1 3317,1206,3435,1271,1 3523,1103,3649,1169,1 2378,1404,2432,1542,1 2450,1412,2496,1521,1 2449,1177,2498,1278,1 2219,1055,2268,1172,1 2348,845,2400,958,1 2421,687,2475,803,1 2276,686,2325,789,1 2212,453,2254,567,1
./train_data/fifth_dataset/images_may4/3000.jpg 2875,1337,2991,1404,1 2716,1273,2838,1326,1 2249,1900,2292,2006,1 2492,2006,2540,2112,1 2400,2105,2455,2226,1 2321,1931,2382,2067,1 2500,1702,2557,1814,1 2385,1476,2434,1587,1 2223,1335,2270,1442,1 2301,1233,2346,1343,1 2459,1028,2508,1137,1 2362,996,2415,1114,1 2361,494,2412,603,1 2435,262,2489,374,1
./train_data/fifth_dataset/images_may4/5200.jpg 2482,2260,2529,2365,1 2388,2272,2439,2388,1 2396,2076,2443,2189,1 2504,2037,2556,2155,1 2307,1857,2361,1971,1 642,1362,740,1409,1 1884,1570,2002,1614,1 1769,1488,1872,1537,1 1457,1477,1558,1524,1 2468,1098,2519,1199,1 2357,1104,2406,1212,1 2383,1354,2430,1473,1 2333,512,2382,618,1 2441,520,2491,627,1
./train_data/fifth_dataset/images_may4/6500.jpg 2485,2097,2530,2203,1 2391,2101,2441,2224,1 2396,2280,2447,2388,1 2483,2234,2528,2334,1 2395,1921,2442,2036,1 2506,1922,2555,2041,1 2229,1811,2298,1914,1 2053,1566,2172,1620,1 1681,1560,1788,1611,1 1912,1491,2015,1539,1 1727,1498,1828,1543,1 1532,1476,1637,1520,1 1696,1389,1987,1452,0 3855,1126,3979,1192,1 3325,1278,3441,1346,1 2349,1353,2458,1405,1 2211,953,2257,1071,1
./train_data/fifth_dataset/images_may4/7100.jpg 2394,2202,2436,2312,1 2473,2273,2520,2369,1 2249,2041,2291,2159,1 2329,1954,2372,2055,1 2478,1913,2524,2027,1 2393,1872,2450,2011,1 3041,1383,3154,1445,1 2666,1483,2760,1562,1 2462,1536,2511,1647,1 2300,1429,2348,1550,1 1871,1491,1980,1534,1 2357,1066,2414,1185,1 2295,1002,2343,1112,1 2198,926,2247,1038,1 2451,827,2499,930,1 2213,668,2257,780,1 2357,716,2407,829,1 2286,578,2327,675,1 2207,375,2252,488,1
./train_data/fifth_dataset/images_may4/8600.jpg 2394,2214,2447,2353,1 2473,2141,2519,2252,1 2394,2047,2440,2157,1 2471,1990,2518,2094,1 2387,1907,2433,2017,1 2475,1844,2521,1958,1 877,1382,963,1427,1 2335,1179,2399,1283,1 2284,884,2329,997,1 2434,612,2479,712,1 2264,358,2323,669,0
./train_data/fifth_dataset/images_may4/9200.jpg 2858,1338,2972,1405,1 3019,1300,3128,1365,1 1007,1490,1110,1536,1 1657,1567,1768,1611,1 2030,1321,2122,1409,1 2423,276,2470,374,1 2337,388,2381,494,1 2273,551,2315,661,1 2204,881,2243,996,1 2367,900,2408,1006,1 2458,1065,2504,1178,1 2288,1144,2330,1249,1 2465,1489,2513,1602,1 2380,1636,2437,1773,1 2316,1938,2387,2231,0 2478,1945,2525,2063,1 2400,2079,2445,2189,1 2486,2256,2532,2365,1
./train_data/fifth_dataset/images_may4/300.jpg 1802,1492,1913,1537,1 1290,1401,1384,1445,1 407,1368,496,1409,1 3330,1153,3450,1214,1 2734,1468,2833,1533,1 2390,1329,2439,1435,1 2351,748,2400,861,1 2446,798,2493,916,1 2406,513,2455,624,1
./train_data/fifth_dataset/images_may4/500.jpg 2471,2122,2522,2240,1 2393,2170,2447,2280,1 1801,1491,1912,1539,1 314,1359,402,1400,1 2808,1273,2927,1336,1 2363,1209,2417,1329,1 2225,274,2271,383,1
./train_data/fifth_dataset/images_may4/700.jpg 2344,346,2398,452,1 2208,575,2255,691,1 2278,848,2326,961,1 2381,1351,2438,1467,1 2216,2277,2267,2393,1 2399,2203,2453,2321,1 2320,2040,2373,2153,1 3595,1085,3711,1147,1 3095,1204,3200,1264,1 2809,1272,2926,1335,1 2569,1537,2662,1641,1 2392,1763,2442,1876,1 2227,1606,2292,1753,1 1801,1493,1911,1538,1
./train_data/fifth_dataset/images_may4/800.jpg 3028,1220,3131,1277,1 3198,1178,3306,1237,1 3073,1347,3181,1413,1 2809,1272,2927,1335,1 2400,2247,2446,2343,1 2323,2031,2369,2142,1 1801,1492,1912,1538,1 2242,1593,2289,1707,1 2377,1479,2431,1595,1 2350,876,2401,989,1 2350,465,2394,574,1 2205,297,2255,399,1
./train_data/fifth_dataset/images_may4/2300.jpg 3183,1337,3292,1408,1 2487,2079,2536,2183,1 2394,2103,2451,2244,1 2477,1919,2534,2040,1 2400,1929,2450,2044,1 2161,1482,2272,1531,1 2745,1286,2869,1352,1 2543,1158,2642,1245,1 2447,836,2499,937,1 2278,893,2331,1008,1 2216,749,2263,865,1 2281,552,2325,658,1
./train_data/fifth_dataset/images_may4/2800.jpg 2319,2140,2371,2249,1 2224,1976,2272,2087,1 2403,1920,2454,2034,1 2489,1866,2544,1984,1 3317,1206,3435,1271,1 3523,1103,3649,1169,1 2378,1404,2432,1542,1 2450,1412,2496,1521,1 2449,1177,2498,1278,1 2219,1055,2268,1172,1 2348,845,2400,958,1 2421,687,2475,803,1 2276,686,2325,789,1 2212,453,2254,567,1
./train_data/fifth_dataset/images_may4/3000.jpg 2875,1337,2991,1404,1 2716,1273,2838,1326,1 2249,1900,2292,2006,1 2492,2006,2540,2112,1 2400,2105,2455,2226,1 2321,1931,2382,2067,1 2500,1702,2557,1814,1 2385,1476,2434,1587,1 2223,1335,2270,1442,1 2301,1233,2346,1343,1 2459,1028,2508,1137,1 2362,996,2415,1114,1 2361,494,2412,603,1 2435,262,2489,374,1
./train_data/fifth_dataset/images_may4/5200.jpg 2482,2260,2529,2365,1 2388,2272,2439,2388,1 2396,2076,2443,2189,1 2504,2037,2556,2155,1 2307,1857,2361,1971,1 642,1362,740,1409,1 1884,1570,2002,1614,1 1769,1488,1872,1537,1 1457,1477,1558,1524,1 2468,1098,2519,1199,1 2357,1104,2406,1212,1 2383,1354,2430,1473,1 2333,512,2382,618,1 2441,520,2491,627,1
./train_data/fifth_dataset/images_may4/6500.jpg 2485,2097,2530,2203,1 2391,2101,2441,2224,1 2396,2280,2447,2388,1 2483,2234,2528,2334,1 2395,1921,2442,2036,1 2506,1922,2555,2041,1 2229,1811,2298,1914,1 2053,1566,2172,1620,1 1681,1560,1788,1611,1 1912,1491,2015,1539,1 1727,1498,1828,1543,1 1532,1476,1637,1520,1 1696,1389,1987,1452,0 3855,1126,3979,1192,1 3325,1278,3441,1346,1 2349,1353,2458,1405,1 2211,953,2257,1071,1
./train_data/fifth_dataset/images_may4/7100.jpg 2394,2202,2436,2312,1 2473,2273,2520,2369,1 2249,2041,2291,2159,1 2329,1954,2372,2055,1 2478,1913,2524,2027,1 2393,1872,2450,2011,1 3041,1383,3154,1445,1 2666,1483,2760,1562,1 2462,1536,2511,1647,1 2300,1429,2348,1550,1 1871,1491,1980,1534,1 2357,1066,2414,1185,1 2295,1002,2343,1112,1 2198,926,2247,1038,1 2451,827,2499,930,1 2213,668,2257,780,1 2357,716,2407,829,1 2286,578,2327,675,1 2207,375,2252,488,1
./train_data/fifth_dataset/images_may4/8600.jpg 2394,2214,2447,2353,1 2473,2141,2519,2252,1 2394,2047,2440,2157,1 2471,1990,2518,2094,1 2387,1907,2433,2017,1 2475,1844,2521,1958,1 877,1382,963,1427,1 2335,1179,2399,1283,1 2284,884,2329,997,1 2434,612,2479,712,1 2264,358,2323,669,0
./train_data/fifth_dataset/images_may4/9200.jpg 2858,1338,2972,1405,1 3019,1300,3128,1365,1 1007,1490,1110,1536,1 1657,1567,1768,1611,1 2030,1321,2122,1409,1 2423,276,2470,374,1 2337,388,2381,494,1 2273,551,2315,661,1 2204,881,2243,996,1 2367,900,2408,1006,1 2458,1065,2504,1178,1 2288,1144,2330,1249,1 2465,1489,2513,1602,1 2380,1636,2437,1773,1 2316,1938,2387,2231,0 2478,1945,2525,2063,1 2400,2079,2445,2189,1 2486,2256,2532,2365,1
